p1
10017
1 0 1 1 0 1 1 1 1 1
5 7 8 2 9 9 5 6 3 2 6 3 0 0 6 9 5 0 3 9 7 6 3 5 6 9 5 7 0 3 3 8 2 0 3 7 9 3 6 8 5 7 8 2 5 7 0 2 5 6

p2
8917
1 0 1 1 1 1 1 1 1 1
5 7 8 2 9 9 5 6 3 2 6 3 4 0 6 4 5 0 3 9 7 6 3 5 6 9 5 7 0 3 3 8 2 0 3 7 9 3 6 4 5 7 8 8 5 7 0 2 4 6

p3
10597
1 0 1 1 0 1 1 1 1 1
5 7 8 2 9 9 5 6 3 2 6 3 0 0 6 9 5 0 3 9 7 6 3 5 6 9 5 7 0 3 3 8 2 0 3 7 9 3 6 8 5 7 8 2 5 7 0 2 5 6

p4
12197
1 0 1 1 0 1 1 1 1 1
5 7 8 2 9 9 5 6 3 2 6 3 0 0 6 9 5 0 3 9 7 6 3 5 6 9 5 7 0 3 3 8 2 0 3 7 9 3 6 8 5 7 8 2 5 7 0 2 5 6

p5
10649
1 1 1 1 0 1 1 1 1 1
5 7 8 2 9 9 5 6 3 2 6 3 0 0 6 9 5 0 3 9 7 6 3 5 6 9 5 7 0 3 3 8 2 1 6 7 9 3 6 8 0 7 8 8 1 7 0 2 6 8

p6
9512
1 0 1 1 1 1 1 1 1 1
5 7 8 2 9 9 5 6 3 2 6 3 4 0 6 4 5 0 3 9 7 6 3 5 6 9 5 7 0 3 3 8 2 0 6 7 9 3 6 4 0 7 8 8 9 7 8 2 4 8

p7
11312
1 0 1 1 1 1 1 1 1 1
5 7 8 2 9 9 5 6 3 2 6 3 4 0 6 4 5 0 3 9 7 6 3 5 6 9 5 7 0 3 3 8 2 0 6 7 9 3 6 4 0 7 8 8 9 7 8 2 4 8

p8
13096
1 1 1 1 1 0 1 1 1 1
0 7 8 2 9 9 2 6 3 2 6 3 4 0 6 4 2 0 3 9 7 6 3 6 6 9 8 7 0 3 3 8 2 0 6 7 9 3 9 4 8 7 8 8 7 7 8 2 4 4

p9
9530
1 0 0 1 0 1 1 0 1 1
5 5 8 8 9 9 5 6 3 0 6 3 0 0 6 9 5 0 3 9 8 6 3 5 6 9 5 9 0 3 3 8 5 0 3 8 9 3 6 8 5 3 8 8 5 3 0 3 5 6

p10
8778
1 0 0 1 1 1 1 1 1 1
5 7 8 8 9 9 5 6 3 0 6 3 4 0 6 4 5 0 3 9 7 6 3 5 6 9 5 7 0 3 3 8 5 0 3 7 9 3 6 4 5 7 8 8 5 7 0 3 4 6

p11
10146
0 0 1 1 1 1 1 0 1 0
5 2 8 2 5 2 5 6 3 2 6 3 4 4 6 4 5 6 3 2 8 6 3 5 6 2 5 5 3 3 3 8 2 4 3 8 6 3 6 4 5 4 8 8 5 3 8 2 4 6

p12
11346
0 0 1 1 1 1 1 0 1 0
5 2 8 2 5 2 5 6 3 2 6 3 4 4 6 4 5 6 3 2 8 6 3 5 6 2 5 5 3 3 3 8 2 4 3 8 6 3 6 4 5 4 8 8 5 3 8 2 4 6

p13
10595
1 0 0 0 1 0 0 0 0 0 1 1 1 1 1 1 1 1 1 1
0 13 14 18 4 14 12 11 18 4 18 18 17 11 12 13 4 0 12 13 15 16 4 14 19 17 15 16 17 14 4 0 17 4 0 15 0 15 11 16 0 13 16 19 4 4 12 14 13 18

p14
8711
1 0 0 0 1 0 0 0 0 0 1 1 1 1 1 1 1 1 1 1
0 13 14 18 4 14 12 11 18 4 18 18 17 11 12 13 4 0 12 13 15 16 4 14 19 17 15 16 17 14 4 0 17 4 0 15 0 15 11 16 0 13 16 19 4 4 12 14 13 18

p15
11111
1 0 0 0 1 0 0 0 0 0 1 1 1 1 1 1 1 1 1 1
0 13 14 18 4 14 12 11 18 4 18 18 17 11 12 13 4 0 12 13 15 16 4 14 19 17 15 16 17 14 4 0 17 4 0 15 0 15 11 16 0 13 16 19 4 4 12 14 13 18

p16
13429
0 0 0 0 1 0 0 0 0 0 1 1 1 1 1 1 1 1 1 1
10 13 14 18 4 14 12 11 18 4 18 18 17 11 12 13 4 13 12 13 15 16 4 14 19 17 15 16 17 14 4 14 17 4 15 15 11 15 11 16 10 13 16 19 4 4 12 15 13 18

p17
10636
1 1 0 0 1 0 0 0 0 0 1 1 1 1 1 1 1 1 1 1
0 13 1 18 4 14 12 11 18 4 18 18 17 11 12 13 4 0 12 1 15 16 4 14 19 17 15 16 17 14 1 0 17 4 0 1 0 15 11 1 0 13 16 19 4 4 12 14 13 18

p18
8738
1 1 0 0 1 0 0 0 0 0 1 1 1 1 1 1 1 1 1 1
0 13 1 18 4 14 12 11 18 4 18 18 17 11 12 13 4 0 12 1 15 16 4 14 19 17 15 16 17 14 1 0 17 4 0 1 0 15 11 1 0 13 16 19 4 4 12 14 13 18

p19
11287
1 0 0 0 1 0 0 0 0 0 1 1 1 1 1 1 1 1 1 1
0 13 14 18 4 14 12 11 18 4 18 18 17 11 12 13 4 0 12 13 15 16 4 14 19 17 15 16 17 14 4 0 17 4 0 15 0 15 11 16 0 13 16 19 14 14 12 14 13 18

p20
13605
0 0 0 0 1 0 0 0 0 0 1 1 1 1 1 1 1 1 1 1
10 13 14 18 4 14 12 11 18 4 18 18 17 11 12 13 4 13 12 13 15 16 4 14 19 17 15 16 17 14 4 14 17 4 15 15 11 15 11 16 10 13 16 19 14 14 12 15 13 18

p21
10595
1 0 0 0 1 0 0 0 0 0 1 1 1 1 1 1 1 1 1 1
0 13 14 18 4 14 12 11 18 4 18 18 17 11 12 13 4 0 12 13 15 16 4 14 19 17 15 16 17 14 4 0 17 4 0 15 0 15 11 16 0 13 16 19 4 4 12 14 13 18

p22
8711
1 0 0 0 1 0 0 0 0 0 1 1 1 1 1 1 1 1 1 1
0 13 14 18 4 14 12 11 18 4 18 18 17 11 12 13 4 0 12 13 15 16 4 14 19 17 15 16 17 14 4 0 17 4 0 15 0 15 11 16 0 13 16 19 4 4 12 14 13 18

p23
11111
1 0 0 0 1 0 0 0 0 0 1 1 1 1 1 1 1 1 1 1
0 13 14 18 4 14 12 11 18 4 18 18 17 11 12 13 4 0 12 13 15 16 4 14 19 17 15 16 17 14 4 0 17 4 0 15 0 15 11 16 0 13 16 19 4 4 12 14 13 18

p24
13355
0 0 0 0 1 0 0 0 0 0 1 1 1 1 1 1 1 1 1 1
10 13 14 18 4 14 12 11 18 4 18 18 17 11 12 13 4 13 12 13 15 16 4 14 19 17 15 16 17 14 4 14 17 4 15 15 11 15 11 16 10 13 16 19 4 4 12 14 13 18

p25
16619
0 0 0 0 1 0 0 1 1 0 1 1 1 1 1 1 1 1 1 1 1 1 1 1 1 1 1 1 1 1
21 10 7 7 20 8 13 18 21 13 26 13 24 21 28 23 13 8 7 16 21 27 8 7 16 22 20 8 15 17 4 13 11 7 4 21 27 8 7 11 11 19 15 10 4 7 20 8 25 7 22 13 8 7 13 21 27 8 13 11 22 13 8 7 13 4 17 22 10 4 8 22 18 21 4 10 12 8 7 13 11 13 10 10 4 21 27 24 11 19 4 13 8 10 4 26 13 24 21 16 4 17 17 10 4 22 20 8 25 13 10 20 8 25 13 22 27 8 25 13 27 20 8 26 12 22 20 8 13 26 10 13 8 25 13 21 18 8 25 25 8 13 18 10 4 22 20 8 15 25

p26
14114
0 0 0 0 1 0 0 1 1 0 1 1 1 1 1 1 1 1 1 1 1 1 1 1 1 1 1 1 1 1
21 10 7 7 20 8 13 18 21 13 26 13 24 21 28 23 13 8 7 16 21 27 8 7 16 22 20 8 15 17 4 13 11 7 4 21 27 8 7 11 11 19 15 10 4 7 20 8 25 7 22 13 8 7 13 21 27 8 13 11 22 13 8 7 13 4 17 22 10 4 8 22 18 21 4 10 12 8 7 13 11 13 10 10 4 21 27 24 11 19 4 13 8 10 4 26 13 24 21 16 4 17 17 10 4 22 20 8 25 13 10 20 8 25 13 22 27 8 25 13 27 20 8 26 12 22 20 8 13 26 10 13 8 25 13 21 18 8 25 25 8 13 18 10 4 22 20 8 15 25

p27
18714
0 0 0 0 1 0 0 1 1 0 1 1 1 1 1 1 1 1 1 1 1 1 1 1 1 1 1 1 1 1
21 10 7 7 20 8 13 18 21 13 26 13 24 21 28 23 13 8 7 16 21 27 8 7 16 22 20 8 15 17 4 13 11 7 4 21 27 8 7 11 11 19 15 10 4 7 20 8 25 7 22 13 8 7 13 21 27 8 13 11 22 13 8 7 13 4 17 22 10 4 8 22 18 21 4 10 12 8 7 13 11 13 10 10 4 21 27 24 11 19 4 13 8 10 4 26 13 24 21 16 4 17 17 10 4 22 20 8 25 13 10 20 8 25 13 22 27 8 25 13 27 20 8 26 12 22 20 8 13 26 10 13 8 25 13 21 18 8 25 25 8 13 18 10 4 22 20 8 15 25

p28
22967
0 0 0 0 0 0 0 0 1 0 1 1 1 1 1 1 1 1 1 1 1 1 1 1 1 1 1 1 1 1
21 10 8 25 20 8 13 18 21 13 26 13 24 21 28 23 13 8 25 16 21 27 8 16 16 22 20 8 15 17 11 13 11 10 14 21 27 8 16 11 11 19 15 10 21 10 20 8 25 13 22 13 8 25 13 21 27 8 13 11 22 13 8 25 13 11 17 22 10 14 8 22 18 21 23 10 12 8 25 13 11 13 10 10 14 21 27 24 11 19 8 13 8 10 14 26 13 24 21 16 11 17 17 10 14 22 20 8 25 13 10 20 8 25 13 22 27 8 25 13 27 20 8 26 12 22 20 8 13 26 10 13 8 25 13 22 18 8 25 25 8 13 18 10 14 22 20 8 15 25

p29
16857
0 0 0 0 1 1 0 1 1 0 1 1 1 1 1 1 1 1 1 1 1 1 1 1 1 1 1 1 1 1
21 10 7 7 20 8 13 18 21 13 26 13 24 21 5 23 13 8 7 5 21 27 8 7 5 22 20 8 5 17 4 13 11 7 4 21 27 8 7 5 11 19 15 10 4 7 20 8 5 7 22 13 8 7 13 21 27 8 13 11 22 13 8 7 13 4 17 22 10 4 8 22 18 21 4 10 12 8 7 7 11 13 10 10 4 21 27 24 11 5 4 13 8 10 4 26 13 24 21 5 4 17 17 10 4 22 20 8 25 5 10 20 8 5 7 22 27 8 25 5 27 20 16 5 12 22 20 29 13 26 10 16 16 25 7 21 18 29 25 25 11 19 18 10 4 22 20 29 15 25

p30
14321
0 0 0 0 1 1 0 1 1 0 1 1 1 1 1 1 1 1 1 1 1 1 1 1 1 1 1 1 1 1
21 10 7 7 20 8 13 18 21 13 26 13 24 21 5 23 13 8 7 5 21 27 8 7 5 22 20 8 5 17 4 13 11 7 4 21 27 8 7 5 11 19 15 10 4 7 20 8 5 7 22 13 8 7 13 21 27 8 13 11 22 13 8 7 13 4 17 22 10 4 8 22 18 21 4 10 12 8 7 7 11 13 10 10 4 21 27 24 11 5 4 13 8 10 4 26 13 24 21 5 4 17 17 10 4 22 20 8 25 5 10 20 8 5 7 22 27 8 25 5 27 20 16 5 12 22 20 29 13 26 10 16 16 25 7 21 18 29 25 25 11 19 18 10 4 22 20 29 15 25

p31
19121
0 0 0 0 1 1 0 1 1 0 1 1 1 1 1 1 1 1 1 1 1 1 1 1 1 1 1 1 1 1
21 10 7 7 20 8 13 18 21 13 26 13 24 21 5 23 13 8 7 5 21 27 8 7 5 22 20 8 5 17 4 13 11 7 4 21 27 8 7 5 11 19 15 10 4 7 20 8 5 7 22 13 8 7 13 21 27 8 13 11 22 13 8 7 13 4 17 22 10 4 8 22 18 21 4 10 12 8 7 7 11 13 10 10 4 21 27 24 11 5 4 13 8 10 4 26 13 24 21 5 4 17 17 10 4 22 20 8 25 5 10 20 8 5 7 22 27 8 25 5 27 20 16 5 12 22 20 29 13 26 10 16 16 25 7 21 18 29 25 25 11 19 18 10 4 22 20 29 15 25

p32
23865
0 0 0 0 0 1 0 1 1 0 1 1 1 1 1 1 1 1 1 1 1 1 1 1 1 1 1 1 1 1
21 10 7 7 20 8 13 18 21 13 26 13 24 21 5 23 13 8 7 5 21 27 8 7 5 22 20 8 5 17 11 13 11 7 14 21 27 8 7 5 11 19 15 10 21 7 20 8 5 7 22 13 8 7 13 21 27 8 13 11 22 13 8 7 13 11 17 22 10 14 8 22 18 21 23 10 12 8 7 7 11 13 10 10 14 21 27 24 11 5 8 13 8 10 14 26 13 24 21 5 11 17 17 10 21 22 20 8 25 5 10 20 8 5 7 22 27 16 25 5 27 20 16 5 12 22 20 29 13 26 10 16 16 25 7 21 18 29 25 25 11 19 18 10 14 22 20 29 15 25

p33
16550
0 0 0 0 1 0 0 1 1 0 1 1 1 1 1 1 1 1 1 1 1 1 1 1 1 1 1 1 1 1
21 10 7 7 20 8 13 18 21 13 26 13 24 21 28 23 13 8 7 16 21 27 8 7 16 22 20 8 15 17 4 13 11 7 4 21 27 8 7 11 11 19 15 10 4 7 20 8 25 7 22 13 8 7 13 21 27 8 13 11 22 13 8 7 13 4 17 22 10 4 8 22 18 21 4 10 12 8 7 7 11 13 10 10 4 21 27 24 11 19 4 13 8 10 4 26 13 24 21 16 4 17 17 10 4 22 20 8 25 13 10 20 8 7 7 22 27 8 7 13 27 20 8 26 12 22 20 8 13 26 10 13 8 7 7 21 18 8 25 25 8 13 18 10 4 22 20 29 15 25

p34
14045
0 0 0 0 1 0 0 1 1 0 1 1 1 1 1 1 1 1 1 1 1 1 1 1 1 1 1 1 1 1
21 10 7 7 20 8 13 18 21 13 26 13 24 21 28 23 13 8 7 16 21 27 8 7 16 22 20 8 15 17 4 13 11 7 4 21 27 8 7 11 11 19 15 10 4 7 20 8 25 7 22 13 8 7 13 21 27 8 13 11 22 13 8 7 13 4 17 22 10 4 8 22 18 21 4 10 12 8 7 7 11 13 10 10 4 21 27 24 11 19 4 13 8 10 4 26 13 24 21 16 4 17 17 10 4 22 20 8 25 13 10 20 8 7 7 22 27 8 7 13 27 20 8 26 12 22 20 8 13 26 10 13 8 7 7 21 18 8 25 25 8 13 18 10 4 22 20 29 15 25

p35
18645
0 0 0 0 1 0 0 1 1 0 1 1 1 1 1 1 1 1 1 1 1 1 1 1 1 1 1 1 1 1
21 10 7 7 20 8 13 18 21 13 26 13 24 21 28 23 13 8 7 16 21 27 8 7 16 22 20 8 15 17 4 13 11 7 4 21 27 8 7 11 11 19 15 10 4 7 20 8 25 7 22 13 8 7 13 21 27 8 13 11 22 13 8 7 13 4 17 22 10 4 8 22 18 21 4 10 12 8 7 7 11 13 10 10 4 21 27 24 11 19 4 13 8 10 4 26 13 24 21 16 4 17 17 10 4 22 20 8 25 13 10 20 8 7 7 22 27 8 7 13 27 20 8 26 12 22 20 8 13 26 10 13 8 7 7 21 18 8 25 25 8 13 18 10 4 22 20 29 15 25

p36
23099
0 0 0 0 0 0 0 1 1 0 1 1 1 1 1 1 1 1 1 1 1 1 1 1 1 1 1 1 1 1
21 10 7 7 20 8 13 18 21 13 26 13 24 21 28 23 13 8 7 16 21 27 8 7 16 22 20 8 15 17 11 13 11 7 14 21 27 8 7 11 11 19 15 10 21 7 20 8 25 7 22 13 8 7 13 21 27 8 13 11 22 13 8 7 13 11 17 22 10 14 8 22 18 21 23 10 12 8 7 7 11 13 10 10 14 21 27 24 11 19 8 13 8 10 14 26 13 24 21 16 11 17 17 10 21 22 20 8 25 13 10 20 8 7 7 22 27 8 7 13 27 20 8 26 12 22 20 8 13 26 10 13 8 7 7 21 18 29 25 25 8 13 18 10 14 22 20 29 15 25

p37
16537
0 0 0 0 1 0 0 1 1 0 1 1 1 1 1 1 1 1 1 1 1 1 1 1 1 1 1 1 1 1
21 10 7 7 20 8 13 18 21 13 26 13 24 21 28 23 13 8 7 16 21 27 8 7 16 22 20 8 15 17 4 13 11 7 4 21 27 8 7 11 11 19 15 10 4 7 20 8 25 7 22 13 8 7 13 21 27 8 13 11 22 13 8 7 13 4 17 22 10 4 8 22 18 21 4 10 12 8 7 7 11 13 10 10 4 21 27 24 11 19 4 13 8 10 4 26 13 24 21 16 4 17 17 10 4 22 20 8 25 13 10 20 8 7 7 22 27 8 7 13 27 20 8 26 12 22 20 8 13 26 10 13 8 7 7 21 18 8 25 25 8 13 18 10 4 22 20 8 15 25

p38
14032
0 0 0 0 1 0 0 1 1 0 1 1 1 1 1 1 1 1 1 1 1 1 1 1 1 1 1 1 1 1
21 10 7 7 20 8 13 18 21 13 26 13 24 21 28 23 13 8 7 16 21 27 8 7 16 22 20 8 15 17 4 13 11 7 4 21 27 8 7 11 11 19 15 10 4 7 20 8 25 7 22 13 8 7 13 21 27 8 13 11 22 13 8 7 13 4 17 22 10 4 8 22 18 21 4 10 12 8 7 7 11 13 10 10 4 21 27 24 11 19 4 13 8 10 4 26 13 24 21 16 4 17 17 10 4 22 20 8 25 13 10 20 8 7 7 22 27 8 7 13 27 20 8 26 12 22 20 8 13 26 10 13 8 7 7 21 18 8 25 25 8 13 18 10 4 22 20 8 15 25

p39
18632
0 0 0 0 1 0 0 1 1 0 1 1 1 1 1 1 1 1 1 1 1 1 1 1 1 1 1 1 1 1
21 10 7 7 20 8 13 18 21 13 26 13 24 21 28 23 13 8 7 16 21 27 8 7 16 22 20 8 15 17 4 13 11 7 4 21 27 8 7 11 11 19 15 10 4 7 20 8 25 7 22 13 8 7 13 21 27 8 13 11 22 13 8 7 13 4 17 22 10 4 8 22 18 21 4 10 12 8 7 7 11 13 10 10 4 21 27 24 11 19 4 13 8 10 4 26 13 24 21 16 4 17 17 10 4 22 20 8 25 13 10 20 8 7 7 22 27 8 7 13 27 20 8 26 12 22 20 8 13 26 10 13 8 7 7 21 18 8 25 25 8 13 18 10 4 22 20 8 15 25

p40
22954
0 0 0 0 0 0 0 0 1 0 1 1 1 1 1 1 1 1 1 1 1 1 1 1 1 1 1 1 1 1
21 10 8 25 20 8 13 18 21 13 26 13 24 21 28 23 13 8 25 16 21 27 8 16 16 22 20 8 15 17 11 13 11 10 14 21 27 8 16 11 11 19 15 10 21 10 20 8 25 13 22 13 8 25 13 21 27 8 13 11 22 13 8 25 13 11 17 22 10 14 8 22 18 21 23 10 12 8 25 13 11 13 10 10 14 21 27 24 11 19 8 13 8 10 14 26 13 24 21 16 11 17 17 10 21 22 20 8 25 13 10 20 8 25 13 22 27 8 25 13 27 20 8 26 12 22 20 8 13 26 10 13 8 25 13 21 18 8 25 25 8 13 18 10 14 22 20 8 15 25

p41
8261
1 0 0 1 1 1 0 1 1 1
0 8 8 3 5 8 4 3 0 3 9 3 8 9 0 7 8 4 4 4 0 5 0 4 5 7 9 7 7 9 4 3 7 3 4 0 0 0 7 7 9 0 9 0 0 8 8 5 7 5 7 3 9 3 3 9 4 7 8 3 5 8 4 4 5 5 5 7 5 3 5 5 9 7 9 0 3 7 3 9 3 5 4 5 7 7 4 5 5 7

p42
8814
0 0 1 0 0 0 1 0 0 1 1 1 1 1 1 1 1 1 1 1
16 17 9 6 9 19 10 6 17 9 16 2 2 6 2 2 2 9 2 2 19 2 15 10 12 11 9 12 9 10 12 6 11 13 6 11 10 2 17 2 13 15 18 10 2 6 2 2 6 13 16 11 17 9 14 2 19 14 17 10 15 17 9 14 6 19 10 6 17 19 11 6 11 11 6 15 14 11 6 13

p43
10336
0 0 0 0 0 0 0 0 0 0 1 1 1 1 1 1 1 1 1 1 1 1 1 1 1 1 1 1 1 1
20 21 18 22 16 21 18 12 15 10 20 23 20 23 27 24 29 16 21 13 10 13 22 19 10 22 29 15 14 11 22 13 24 15 18 17 20 22 26 25 14 17 14 23 11 14 21 13 17 16 20 15 15 23 21 18 10 13 14 25 26 11 12 26 12 13 22 18 16 23

p44
11871
1 1 1 1 0 1 1 1 1 1
9 1 1 7 1 2 9 3 7 8 7 0 0 3 0 7 5 8 8 7 8 0 5 5 7 5 3 0 1 7 5 8 3 3 2 5 3 1 1 7 0 2 1 0 9 5 1 1 7 7 9 0 3 9 8 2 2 7 7 0 5 7 7 9 9 2 7 7 7 0 3 0 8 7 7 7 5 5 7 5 2 3 7 7 0 3 3 2 2 3

p45
10197
1 1 0 0 0 0 0 0 0 0 1 1 1 1 1 1 1 1 1 1
1 18 15 10 10 19 17 19 18 0 0 1 17 0 1 0 17 1 12 11 0 12 16 17 14 19 17 10 19 0 18 19 17 0 10 16 18 0 18 1 10 0 18 18 17 1 12 16 17 1 12 0 19 14 11 19 17 14 16 14 11 19 17 10 1 14 13 17 17 14 11 13 11 19 14 10 1 18 15 10

p46
12228
1 0 0 0 0 0 0 0 0 0 1 1 1 1 1 1 1 1 1 1 1 1 1 1 1 1 1 1 1 1
0 13 18 19 11 25 14 17 11 0 17 16 13 11 24 14 10 10 17 19 12 29 0 13 14 29 0 13 19 11 0 28 17 28 26 10 12 0 28 0 27 26 19 16 17 21 10 0 28 20 12 19 23 25 24 13 25 14 25 24 16 28 24 29 21 19 29 12 24 10

p47
13123
1 1 1 0 1 1 1 1 1 1
2 8 0 8 6 9 7 9 7 9 6 6 2 6 9 7 9 8 8 9 2 8 6 9 7 9 0 8 7 7 0 6 2 0 7 0 8 7 7 9 0 6 0 7 0 2 7 7 5 7 0 0 0 7 2 7 2 6 2 5 6 7 7 2 7 2 5 7 5 5 2 7 2 7 2 6 2 5 6 7 7 2 2 2 6 6 5 6 6 5

p48
12459
0 0 0 1 0 0 0 0 0 0 1 1 1 1 1 1 1 1 1 1
3 3 12 17 3 3 12 18 12 3 12 19 13 3 12 18 15 3 12 11 19 3 12 11 18 10 14 11 18 10 14 11 15 12 13 11 18 18 13 11 15 11 3 3 15 11 3 11 15 11 10 11 15 13 11 11 3 11 18 3 3 11 18 3 3 13 19 10 3 13 19 10 3 13 19 13 10 13 19 15

p49
13318
1 0 1 0 0 0 0 0 0 0 1 1 1 1 1 1 1 1 1 1 1 1 1 1 1 1 1 1 1 1
0 22 12 25 25 11 12 10 22 20 0 29 2 12 13 22 27 0 2 12 0 22 2 26 2 29 15 0 27 0 23 10 26 23 2 28 2 2 19 22 28 0 27 14 23 25 12 17 2 27 20 2 28 0 28 14 2 27 2 23 10 19 21 0 29 10 23 16 2 27

p50
9267
1 1 1 0 0 1 1 1 1 1
1 1 0 9 0 5 8 2 8 1 5 2 6 6 1 2 0 2 8 1 5 7 6 6 5 9 8 5 2 5 0 9 6 2 9 0 8 5 0 5 2 1 7 9 9 2 8 5 0 5 6 7 6 5 5 1 8 5 7 5 1 2 0 9 0 2 7 2 8 1 0 7 6 0 7 1 2 5 7 5 5 7 6 9 7 2 1 5 7 5 5 2 6 6 2 2 8 2 6 7

p51
9772
1 0 0 0 0 0 0 1 1 0 1 1 1 1 1 1 1 1 1 1
12 19 12 13 11 0 7 11 8 7 18 10 11 8 7 11 7 12 19 8 12 19 12 8 8 18 15 11 8 7 12 19 16 13 11 0 7 11 8 7 17 7 11 8 7 0 7 11 15 7 11 19 15 13 8 11 7 17 15 15 17 16 19 0 18 15 16 19 0 10 11 19 14 19 11 0 7 10 10 0 7 7 19 0 15 0 7 10 15 0 12 16 19 0 11 0 13 10 17 0

p52
15120
1 0 1 1 1 1 0 1 1 1
8 9 3 8 8 2 4 9 9 0 5 9 3 8 0 3 5 9 0 2 5 3 3 8 5 4 7 9 9 7 5 2 3 2 7 2 4 3 2 7 5 3 3 8 5 2 4 2 7 7 5 7 3 2 7 5 2 0 4 4 2 3 3 7 3 3 0 0 0 2 7 3 3 7 5 4 7 2 7 7 5 7 3 2 8 5 5 3 2 0 2 7 7 2 0 3 2 0 4 4

p53
12720
0 0 0 1 0 0 0 0 0 0 1 1 1 1 1 1 1 1 1 1
19 3 12 19 10 12 3 11 13 18 19 3 15 19 14 19 3 11 13 18 19 3 11 19 18 3 18 14 19 19 13 3 12 17 17 13 3 12 12 17 19 3 15 19 11 19 11 15 19 14 11 3 12 19 17 19 3 15 19 10 19 3 11 3 10 19 3 11 3 10 19 18 13 19 10 19 3 15 19 14 3 18 14 19 19 19 18 13 10 12 3 18 3 11 12 13 3 11 17 17

p54
15369
1 1 1 1 1 1 0 1 0 1
4 9 0 9 0 4 4 9 9 0 9 9 3 9 2 1 4 4 9 0 4 0 2 5 2 1 4 4 5 0 4 0 3 5 2 1 4 4 5 0 4 0 2 3 2 1 4 4 5 0 4 0 0 3 2 4 4 3 5 5 4 2 3 0 2 4 5 1 5 5 2 2 2 3 2 1 4 4 5 5 4 2 3 3 2 4 4 4 5 5 4 3 2 3 2 2 5 3 5 5

p55
13367
0 0 1 0 1 0 0 0 0 0 1 1 1 1 1 1 1 1 1 1
19 19 2 4 10 19 2 2 4 10 10 2 2 14 10 19 19 2 4 10 4 2 2 14 10 4 2 2 4 10 19 15 11 4 10 19 19 14 4 10 13 2 2 14 18 19 19 2 16 2 19 19 14 4 10 19 19 2 4 10 19 2 2 4 10 19 19 2 4 2 19 15 11 4 10 4 19 4 4 10 4 4 11 14 10 4 4 11 14 15 4 4 11 14 15 19 19 4 4 10

p56
26839
0 0 0 0 1 1 0 0 1 1 1 1 1 1 1 1 1 1 1 1 1 1 1 1 1 1 1 1 1 1
19 20 21 15 9 26 8 12 24 25 9 4 10 14 9 11 14 16 16 20 16 16 4 19 17 8 21 22 20 16 4 5 14 14 9 16 14 24 24 10 14 12 12 23 22 22 12 5 22 19 17 14 24 4 17 4 5 5 14 15 17 27 13 25 15 21 5 14 9 10 18 9 19 8 5 15 16 11 15 14 5 25 11 23 20 5 15 14 24 15 9 29 27 27 29 17 20 29 11 9 29 9 19 11 27 19 17 23 13 9 25 17 29 21 29 17 18 8 11 18 15 10 10 13 28 15 21 20 8 21 23 12 12 9 16 26 5 23 14 9 4 17 19 11 11 19 11 8 18 9 8 11 5 22 4 25 5 24 12 17 23 8 19 17 26 13 8 10 29 23 17 14 24 20 23 10 24 14 27 4 26 4 28 22 28 15 29 4 28 29 16 8 26 20 8 10 4 14 27 8

p57
33635
0 0 0 0 0 1 0 0 0 0 1 1 1 1 1 1 1 1 1 1 1 1 1 1 1 1 1 1 1 1
19 20 21 15 25 26 10 12 24 25 19 29 10 14 27 11 14 16 16 20 16 16 25 19 17 18 21 22 20 16 11 5 14 14 27 16 14 24 24 10 14 12 12 23 22 22 12 5 22 19 17 14 24 27 17 28 5 5 14 15 17 27 13 25 15 21 5 14 24 10 18 22 19 15 5 15 16 11 15 14 5 25 11 23 20 5 15 14 24 15 19 29 27 27 29 17 20 29 11 28 29 17 19 11 27 19 17 23 13 18 25 17 29 21 29 17 18 19 11 18 15 10 10 13 28 15 21 20 5 21 23 12 12 27 16 26 5 23 14 28 21 17 19 11 11 19 11 16 18 18 12 11 5 22 26 25 5 24 12 17 23 20 19 17 26 13 10 10 29 23 17 14 24 20 23 10 24 14 27 29 26 20 28 22 28 15 29 24 28 29 16 25 26 20 23 10 26 14 27 23

p58
47950
0 0 0 0 0 0 0 0 0 0 1 1 1 1 1 1 1 1 1 1 1 1 1 1 1 1 1 1 1 1
19 20 21 15 25 26 10 12 24 25 19 29 10 14 27 11 14 16 16 20 16 16 25 19 17 18 21 22 20 16 11 12 14 14 27 16 14 24 24 10 14 12 12 23 22 22 12 10 22 19 17 14 24 27 17 28 29 25 14 15 17 27 13 25 15 21 18 14 24 10 18 22 19 15 22 15 16 11 15 14 14 25 11 23 20 22 15 14 24 15 19 29 27 27 29 17 20 29 11 28 29 17 19 11 27 19 17 23 13 18 25 17 29 21 29 17 18 19 11 18 15 10 10 13 28 15 21 20 28 21 23 12 12 27 16 26 29 23 14 28 21 17 19 11 11 19 11 16 18 18 12 11 16 22 26 25 14 24 12 17 23 20 19 17 26 13 10 10 29 23 17 14 24 20 23 10 24 18 27 29 26 20 28 22 28 15 27 24 28 20 16 25 26 20 23 22 26 14 27 23

p59
36571
0 0 0 0 1 0 0 0 0 0 1 1 1 1 1 1 1 1 1 1 1 1 1 1 1 1 1 1 1 1
19 20 21 15 25 26 10 12 24 25 19 4 10 14 27 11 14 16 16 20 16 16 4 19 17 18 21 22 20 16 4 12 14 14 4 16 14 24 24 10 14 12 12 23 22 22 12 10 22 19 17 14 24 4 17 4 29 25 14 15 17 27 13 25 15 21 18 14 24 10 18 22 19 15 22 15 16 11 15 14 14 25 11 23 20 22 15 14 24 15 19 29 27 27 29 17 20 29 11 28 29 17 19 11 27 19 17 23 13 18 25 17 29 21 29 17 18 19 11 18 15 10 10 13 28 15 21 20 28 21 23 12 12 27 16 26 29 23 14 28 4 17 19 11 11 19 11 16 18 18 12 11 16 22 4 25 14 24 12 17 23 20 19 17 26 13 10 10 29 23 17 14 24 20 23 10 24 18 27 4 26 4 28 22 28 15 29 4 28 20 16 25 26 20 23 22 4 14 27 23

p60
26748
0 0 0 0 1 1 0 0 1 1 1 1 1 1 1 1 1 1 1 1 1 1 1 1 1 1 1 1 1 1
19 20 21 15 9 26 8 12 24 25 9 4 10 14 9 11 14 16 16 20 16 16 4 19 17 8 21 22 20 16 4 5 14 14 9 16 14 24 24 10 14 12 12 23 22 22 12 5 22 19 17 14 24 4 17 4 5 5 14 15 17 27 13 25 15 21 5 14 9 10 18 9 19 8 5 15 16 11 15 14 5 25 11 23 20 5 15 14 24 15 9 29 27 27 29 17 20 29 11 9 29 9 19 11 27 19 17 23 13 9 25 17 29 21 29 17 18 8 11 18 15 10 10 13 28 15 21 20 8 21 23 12 12 9 16 26 5 23 14 9 4 17 19 11 11 19 11 8 18 9 8 11 5 22 4 25 5 24 12 17 23 8 19 17 26 13 9 5 29 23 17 14 24 20 23 10 24 14 27 4 26 4 28 22 28 15 29 4 28 29 16 8 26 20 8 10 4 14 27 8

p61
33541
0 0 0 0 0 1 0 0 0 0 1 1 1 1 1 1 1 1 1 1 1 1 1 1 1 1 1 1 1 1
19 20 21 15 25 26 10 12 24 25 19 29 10 14 27 11 14 16 16 20 16 16 25 19 17 18 21 22 20 16 11 5 14 14 27 16 14 24 24 10 14 12 12 23 22 22 12 5 22 19 17 14 24 27 17 28 5 5 14 15 17 27 13 25 15 21 5 14 24 10 18 22 19 15 5 15 16 11 15 14 5 25 11 23 20 5 15 14 24 15 19 29 27 27 29 17 20 29 11 28 29 17 19 11 27 19 17 23 13 18 25 17 29 21 29 17 18 19 11 18 15 10 10 13 28 15 21 20 5 21 23 12 12 27 16 26 5 23 14 28 21 17 19 11 11 19 11 16 18 18 12 11 5 22 26 25 5 24 12 17 23 20 19 17 26 13 10 5 29 23 17 14 24 20 23 10 24 14 27 29 26 20 28 22 28 15 29 17 28 29 16 25 26 20 23 10 26 14 27 23

p62
47670
0 0 0 0 0 0 0 0 0 0 1 1 1 1 1 1 1 1 1 1 1 1 1 1 1 1 1 1 1 1
19 20 21 15 25 26 10 12 24 25 19 29 10 14 27 11 14 16 16 20 16 16 25 19 17 18 21 22 20 16 11 12 14 14 27 16 14 24 24 10 14 12 12 23 22 22 12 10 22 19 17 14 24 27 17 28 29 25 14 15 17 27 13 25 15 21 18 14 24 10 18 22 19 15 22 15 16 11 15 14 14 25 11 23 20 22 15 14 24 15 19 29 27 27 29 17 20 29 11 28 29 17 19 11 27 19 17 23 13 18 25 17 29 21 29 17 18 19 11 18 15 10 10 13 28 15 21 20 28 21 23 12 12 27 16 26 29 23 14 28 21 17 19 11 11 19 11 16 18 18 12 11 16 22 26 25 14 24 12 17 23 20 19 17 26 13 10 10 29 23 17 14 24 20 23 10 24 14 27 29 26 20 28 22 28 15 29 17 28 29 16 25 26 20 23 10 26 14 27 23

p63
36372
0 0 0 0 1 0 0 0 0 0 1 1 1 1 1 1 1 1 1 1 1 1 1 1 1 1 1 1 1 1
19 20 21 15 25 26 10 12 24 25 19 4 10 14 27 11 14 16 16 20 16 16 4 19 17 18 21 22 20 16 4 12 14 14 4 16 14 24 24 10 14 12 12 23 22 22 12 10 22 19 17 14 24 4 17 4 29 25 14 15 17 27 13 25 15 21 18 14 24 10 18 22 19 15 22 15 16 11 15 14 14 25 11 23 20 22 15 14 24 15 19 29 27 27 29 17 20 29 11 28 29 17 19 11 27 19 17 23 13 18 25 17 29 21 29 17 18 19 11 18 15 10 10 13 28 15 21 20 28 21 23 12 12 27 16 26 29 23 14 28 4 17 19 11 11 19 11 16 18 18 12 11 16 22 4 25 14 24 12 17 23 20 19 17 26 13 10 10 29 23 17 14 24 20 23 10 24 14 27 4 26 4 28 22 28 15 29 4 28 29 16 25 26 20 23 10 4 14 27 23

p64
26748
0 0 0 0 1 1 0 0 1 1 1 1 1 1 1 1 1 1 1 1 1 1 1 1 1 1 1 1 1 1
19 20 21 15 9 26 8 12 24 25 9 4 10 14 9 11 14 16 16 20 16 16 4 19 17 8 21 22 20 16 4 5 14 14 9 16 14 24 24 10 14 12 12 23 22 22 12 5 22 19 17 14 24 4 17 4 5 5 14 15 17 27 13 25 15 21 5 14 9 10 18 9 19 8 5 15 16 11 15 14 5 25 11 23 20 5 15 14 24 15 9 29 27 27 29 17 20 29 11 9 29 9 19 11 27 19 17 23 13 9 25 17 29 21 29 17 18 8 11 18 15 10 10 13 28 15 21 20 8 21 23 12 12 9 16 26 5 23 14 9 4 17 19 11 11 19 11 8 18 9 8 11 5 22 4 25 5 24 12 17 23 8 19 17 26 13 9 5 29 23 17 14 24 20 23 10 24 14 27 4 26 4 28 22 28 15 29 4 28 29 16 8 26 20 8 10 4 14 27 8

p65
33541
0 0 0 0 0 1 0 0 0 0 1 1 1 1 1 1 1 1 1 1 1 1 1 1 1 1 1 1 1 1
19 20 21 15 25 26 10 12 24 25 19 29 10 14 27 11 14 16 16 20 16 16 25 19 17 18 21 22 20 16 11 5 14 14 27 16 14 24 24 10 14 12 12 23 22 22 12 5 22 19 17 14 24 27 17 28 5 5 14 15 17 27 13 25 15 21 5 14 24 10 18 22 19 15 5 15 16 11 15 14 5 25 11 23 20 5 15 14 24 15 19 29 27 27 29 17 20 29 11 28 29 17 19 11 27 19 17 23 13 18 25 17 29 21 29 17 18 19 11 18 15 10 10 13 28 15 21 20 5 21 23 12 12 27 16 26 5 23 14 28 21 17 19 11 11 19 11 16 18 18 12 11 5 22 26 25 5 24 12 17 23 20 19 17 26 13 10 5 29 23 17 14 24 20 23 10 24 14 27 29 26 20 28 22 28 15 29 17 28 29 16 25 26 20 23 10 26 14 27 23

p66
47670
0 0 0 0 0 0 0 0 0 0 1 1 1 1 1 1 1 1 1 1 1 1 1 1 1 1 1 1 1 1
19 20 21 15 25 26 10 12 24 25 19 29 10 14 27 11 14 16 16 20 16 16 25 19 17 18 21 22 20 16 11 12 14 14 27 16 14 24 24 10 14 12 12 23 22 22 12 10 22 19 17 14 24 27 17 28 29 25 14 15 17 27 13 25 15 21 18 14 24 10 18 22 19 15 22 15 16 11 15 14 14 25 11 23 20 22 15 14 24 15 19 29 27 27 29 17 20 29 11 28 29 17 19 11 27 19 17 23 13 18 25 17 29 21 29 17 18 19 11 18 15 10 10 13 28 15 21 20 28 21 23 12 12 27 16 26 29 23 14 28 21 17 19 11 11 19 11 16 18 18 12 11 16 22 26 25 14 24 12 17 23 20 19 17 26 13 10 10 29 23 17 14 24 20 23 10 24 14 27 29 26 20 28 22 28 15 29 17 28 29 16 25 26 20 23 10 26 14 27 23

p67
36486
0 0 0 0 1 0 0 0 0 0 1 1 1 1 1 1 1 1 1 1 1 1 1 1 1 1 1 1 1 1
19 20 21 15 18 26 10 12 24 25 18 4 10 14 27 16 14 16 16 20 16 16 4 19 17 18 21 22 20 16 4 12 14 14 4 16 14 24 24 10 14 12 12 23 22 22 12 15 22 19 17 14 24 4 17 4 15 25 14 15 17 27 22 25 15 21 19 14 27 10 18 22 17 25 22 15 12 11 15 14 14 25 11 23 20 22 15 14 24 15 19 29 27 27 29 17 20 29 11 28 29 23 19 11 27 19 17 23 13 24 25 17 29 21 29 17 18 12 11 18 15 10 10 13 28 15 21 20 28 21 23 12 12 27 16 26 29 23 14 28 4 17 19 11 11 19 11 16 11 18 12 11 16 22 4 25 14 24 12 17 23 20 19 17 26 13 10 10 29 23 17 14 24 20 23 23 24 14 27 4 26 4 28 22 28 15 29 4 28 29 16 25 26 20 23 10 4 18 27 23

p68
26748
0 0 0 0 1 1 0 0 1 1 1 1 1 1 1 1 1 1 1 1 1 1 1 1 1 1 1 1 1 1
19 20 21 15 9 26 8 12 24 25 9 4 10 14 9 11 14 16 16 20 16 16 4 19 17 8 21 22 20 16 4 5 14 14 9 16 14 24 24 10 14 12 12 23 22 22 12 5 22 19 17 14 24 4 17 4 5 5 14 15 17 27 13 25 15 21 5 14 9 10 18 9 19 8 5 15 16 11 15 14 5 25 11 23 20 5 15 14 24 15 9 29 27 27 29 17 20 29 11 9 29 9 19 11 27 19 17 23 13 9 25 17 29 21 29 17 18 8 11 18 15 10 10 13 28 15 21 20 8 21 23 12 12 9 16 26 5 23 14 9 4 17 19 11 11 19 11 8 18 9 8 11 5 22 4 25 5 24 12 17 23 8 19 17 26 13 9 5 29 23 17 14 24 20 23 10 24 14 27 4 26 4 28 22 28 15 29 4 28 29 16 8 26 20 8 10 4 14 27 8

p69
33541
0 0 0 0 0 1 0 0 0 0 1 1 1 1 1 1 1 1 1 1 1 1 1 1 1 1 1 1 1 1
19 20 21 15 25 26 10 12 24 25 19 29 10 14 27 11 14 16 16 20 16 16 25 19 17 18 21 22 20 16 11 5 14 14 27 16 14 24 24 10 14 12 12 23 22 22 12 5 22 19 17 14 24 27 17 28 5 5 14 15 17 27 13 25 15 21 5 14 24 10 18 22 19 15 5 15 16 11 15 14 5 25 11 23 20 5 15 14 24 15 19 29 27 27 29 17 20 29 11 28 29 17 19 11 27 19 17 23 13 18 25 17 29 21 29 17 18 19 11 18 15 10 10 13 28 15 21 20 5 21 23 12 12 27 16 26 5 23 14 28 21 17 19 11 11 19 11 16 18 18 12 11 5 22 26 25 5 24 12 17 23 20 19 17 26 13 10 5 29 23 17 14 24 20 23 10 24 14 27 29 26 20 28 22 28 15 29 17 28 29 16 25 26 20 23 10 26 14 27 23

p70
47691
0 0 0 0 0 0 0 0 0 0 1 1 1 1 1 1 1 1 1 1 1 1 1 1 1 1 1 1 1 1
19 20 21 15 25 26 10 12 24 25 19 29 10 14 27 11 14 16 16 20 16 16 25 19 17 18 21 22 20 16 11 12 14 14 27 16 14 24 24 10 14 12 12 23 22 22 12 10 22 19 17 14 24 27 17 28 29 25 14 15 17 27 13 25 15 21 18 14 24 10 18 22 19 15 22 15 16 11 15 14 14 25 11 23 20 22 15 14 24 15 19 29 27 27 29 17 20 29 11 28 29 17 19 11 27 19 17 23 13 18 25 17 29 21 29 17 18 19 11 18 15 10 10 13 28 15 21 20 28 21 23 12 12 27 16 26 29 23 14 28 21 17 19 11 11 19 11 16 18 18 12 11 16 22 26 25 14 24 12 17 23 20 19 17 26 13 10 10 29 23 17 14 24 20 23 10 24 14 27 29 26 20 28 22 28 15 29 17 28 20 16 25 26 20 23 10 26 14 27 23

p71
36372
0 0 0 0 1 0 0 0 0 0 1 1 1 1 1 1 1 1 1 1 1 1 1 1 1 1 1 1 1 1
19 20 21 15 25 26 10 12 24 25 19 4 10 14 27 11 14 16 16 20 16 16 4 19 17 18 21 22 20 16 4 12 14 14 4 16 14 24 24 10 14 12 12 23 22 22 12 10 22 19 17 14 24 4 17 4 29 25 14 15 17 27 13 25 15 21 18 14 24 10 18 22 19 15 22 15 16 11 15 14 14 25 11 23 20 22 15 14 24 15 19 29 27 27 29 17 20 29 11 28 29 17 19 11 27 19 17 23 13 18 25 17 29 21 29 17 18 19 11 18 15 10 10 13 28 15 21 20 28 21 23 12 12 27 16 26 29 23 14 28 4 17 19 11 11 19 11 16 18 18 12 11 16 22 4 25 14 24 12 17 23 20 19 17 26 13 10 10 29 23 17 14 24 20 23 10 24 14 27 4 26 4 28 22 28 15 29 4 28 29 16 25 26 20 23 10 4 14 27 23

